10.1 10.2
9.8 10.0
10.5 9.9
10.0 10.1
10.3 9.8
9.9 10.3
10.2 10.5
9.7 9.7
10.0 9.5
10.4 10.4
50.0 50.0
49.5 50.2
50.5 49.8
50.2 49.7
49.9 50.4
50.1 50.1
50.3 49.9
49.7 50.3
50.0 49.5
49.8 50.6
80.0 20.0
79.5 20.2
80.5 19.8
80.2 20.3
79.9 19.5
80.1 20.4
80.3 19.6
79.7 20.1
80.0 19.7
79.8 20.5
60.0 60.0
60.5 60.0
60.0 60.5
59.5 60.0
60.0 59.5
60.35 60.35
59.65 59.65
60.7 60.7
59.3 59.3
60.9 60.1
30.0 10.0
31.0 11.0
32.0 12.0
33.0 13.0
34.0 14.0
35.0 15.0
36.0 16.0
37.0 17.0
38.0 18.0
39.0 19.0
