10.0 10.0
10.5 10.2
9.8 9.9
10.1 10.3
9.7 10.1
25.0 25.0
24.5 25.2
25.1 24.8
25.3 25.4
24.7 24.6
70.0 80.0
70.2 80.3
69.8 79.9
70.4 80.1
70.1 80.2
90.0 90.0
91.0 91.5
92.0 92.8
93.0 94.1
94.0 95.0
30.0 10.0
32.0 12.0
34.0 14.0
36.0 16.0
38.0 18.0
40.0 20.0
42.0 22.0
44.0 24.0
46.0 26.0
48.0 28.0
100.0 100.0
200.0 200.0
300.0 10.0
5.0 150.0
400.0 400.0
50.0 50.0
60.0 60.0
70.0 70.0
10.0 90.0
90.0 10.0
13.0 13.0
12.5 13.5
13.5 12.0
14.0 14.5
14.5 14.0
80.0 40.0
81.0 41.5
82.0 43.0
83.0 45.0
84.0 47.0